79162.70
73849.00
68582.00
63363.20
58073.50
52519.60
46899.70
41276.80
35030.60
28508.60
21672.90
14777.30
7810.90
762.50
-6286.60
-13331.10
-20235.50
-27115.80
-33407.10
-39503.60
-45364.60
-51149.90
-56878.10
-62509.40
-68076.10
-73577.80
-79038.40
-84464.20
-89711.10
-95603.80
-101420.00
-107072.00
-112397.40
-117441.30
-122205.60
-126647.80
-130705.10
-134240.91
-137408.50
-139398.30
-140885.09
-141958.70
-142816.30
-143387.50
-143724.09
-143801.91
-143720.41
-143600.09
-143306.20
-142801.59
-141992.20
-139738.59
-137450.91
-135087.30
-132523.09
-129802.60
-126970.40
-123994.70
-120747.50
-117335.60
-114018.70
-112005.90
-109816.70
-107572.90
-105346.60
-103204.00
-101256.80
-99637.10
-98308.10
-97104.30
-96000.20
-94881.60
-93620.70
-92459.70
-91572.60
-90801.60
-89778.10
-88531.80
-87315.90
-86230.40
-85242.30
-84499.10
-84252.40
-84109.10
-83807.40
-83265.60
-82899.30
-82650.60
-82459.00
-82460.80
-82595.40
-82565.90
-82207.70
-81799.20
-81430.50
-81347.10
-81454.40
-81797.80
-82131.10
-82076.30
-81776.00
-81555.50
-81442.50
-81366.60
-81391.80
-81530.00
-81525.80
-81021.70
-80413.00
-79946.00
-79512.70
-79131.80
-78974.20
-78721.00
-78119.60
-77201.10
-76222.00
-75421.10
-74738.10
-74238.90
-73823.40
-73263.60
-72203.70
-71017.10
-70030.90
-69131.00
-68355.70
-67825.20
-67131.70
-65942.90
-64566.60
-63191.30
-62007.00
-60916.40
-59954.90
-59127.50
-58138.50
-56590.20
-54989.90
-53672.60
-52423.60
-51238.40
-50276.20
-49286.00
-47881.90
-46219.30
-44598.70
-43221.30
-41976.80
-40871.50
-39920.00
-38811.40
-37256.10
-35645.70
-34242.30
-32913.70
-31634.40
-30648.40
-29633.40
-28192.20
-26505.70
-24910.00
-23578.50
-22363.20
-21360.30
-20464.10
-19444.80
-17945.30
-16413.40
-15192.90
-14039.50
-12983.20
-12130.10
-11207.80
-9822.50
-8305.90
-6873.20
-5717.90
-4640.30
-3719.60
-2993.80
-2146.00
-876.40
405.60
1388.40
2298.00
3017.20
3514.60
4106.30
5071.60
6219.30
7292.60
8115.60
8786.80
9254.90
9628.90
10232.50
11269.50
12237.30
12991.90
13645.90
14171.10
14498.00
14953.10
15772.80
16752.20
17635.90
18201.90
18623.30
18863.50
19010.90
19302.50
20000.60
20648.00
21033.30
21309.90
21467.80
21466.70
21585.20
22070.60
22714.00
23306.00
23654.90
23948.10
24039.00
24035.30
24252.00
24868.60
25504.50
25877.00
26156.80
26322.30
26227.50
26118.80
26432.10
26900.40
27287.40
27466.00
27501.20
27363.00
27137.40
27130.20
27599.70
28069.00
28301.80
28449.30
28367.10
28048.50
27835.80
28019.90
28432.90
28731.70
28790.20
28770.90
28531.40
28199.40
28116.30
28493.30
28815.80
28880.60
28792.90
28609.60
28233.30
28025.40
28291.80
28755.10
29156.90
29302.40
29412.50
29367.90
29276.40
29385.40
29974.10
30571.80
31010.30
31367.60
31697.40
32022.20
32661.80
33921.20
35575.60
37399.80
39191.60
41142.80
43170.40
45459.20
48286.90
51845.90
55721.00
59698.40
63867.30
68153.60
72617.30
77575.10
83233.40
89270.90
95427.00
101507.70
107679.10
113811.20
119986.90
126542.50
133540.20
140503.70
147248.30
153926.41
160398.20
166589.80
172690.59
179020.30
185319.50
191227.00
196611.09
201508.41
205858.09
209983.59
213923.30
217624.00
220804.30
223270.41
225160.59
226428.41
227063.20
227289.59
227228.50
226576.50
225612.41
224271.70
222412.41
219921.91
217151.80
214394.59
211487.00
208256.09
204700.59
200807.80
196290.30
191335.70
186281.91
181509.91
176597.91
171324.50
165912.91
160310.20
154404.09
148379.09
142635.30
137163.09
131599.09
125790.70
119874.00
113783.20
107519.50
101427.80
95849.40
90457.20
84917.40
79263.10
73691.90
68035.50
62433.40
57260.70
52442.60
47673.50
42773.20
37834.20
32918.40
28085.80
23375.00
18852.10
14373.10
9714.00
4930.50
0.60
-5177.20
-10356.10
-15508.20
-20651.40
-25778.30
-30853.10
-35659.10
-40483.40
-45207.70
-49645.00
-53790.40
-57789.10
-61646.30
-65462.40
-69290.70
-73190.50
-77238.20
-81027.70
-84435.30
-87681.50
-90791.70
-93752.20
-96712.00
-99554.50
-101955.80
-103734.20
-105219.10
-106537.60
-107902.80
-109239.80
-110572.50
-111717.40
-112291.70
-112450.00
-112565.10
-112792.40
-112902.20
-112983.10
-113070.10
-112885.00
-112086.10
-111029.10
-110068.10
-109082.90
-108076.70
-107171.20
-106185.00
-104746.50
-102981.20
-101169.00
-99576.00
-98129.10
-96893.00
-95816.20
-94622.80
-92993.60
-91348.20
-89919.80
-88643.00
-87582.80
-86761.90
-85922.50
-84715.30
-83339.40
-82124.60
-81130.70
-80259.20
-79713.50
-79324.50
-78787.80
-77902.20
-77045.00
-76408.80
-75938.40
-75602.40
-75557.60
-75550.80
-75133.00
-74558.10
-74050.60
-73789.40
-73667.90
-73779.00
-74038.20
-74145.40
-73815.10
-73417.70
-73249.00
-73172.50
-73237.70
-73479.60
-73588.20
-73263.80
-72662.30
-72069.40
-71759.30
-71578.40
-71600.00
-71735.40
-71692.00
-71155.40
-70603.20
-70317.80
-70151.80
-70046.80
-70106.50
-70060.80
-69529.20
-68740.20
-67899.00
-67282.20
-66749.40
-66360.60
-66007.70
-65527.90
-64562.30
-63457.00
-62593.80
-61813.00
-61162.20
-60739.20
-60250.20
-59296.50
-58146.00
-57001.10
-56061.90
-55269.20
-54661.50
-54148.40
-53462.80
-52245.50
-50965.50
-49922.00
-48909.20
-47980.10
-47325.70
-46589.20
-45384.40
-43956.90
-42580.50
-41512.00
-40555.00
-39772.90
-39128.90
-38315.40
-37013.70
-35665.20
-34522.20
-33457.70
-32537.80
-31851.30
-31057.80
-29839.10
-28472.30
-27193.10
-26146.30
-25225.80
-24561.40
-24013.00
-23284.80
-22117.20
-20963.10
-20030.40
-19144.50
-18353.70
-17739.70
-17000.40
-15826.40
-14531.50
-13303.40
-12264.20
-11341.20
-10639.20
-10061.70
-9326.00
-8253.60
-7221.10
-6420.80
-5635.20
-4950.50
-4519.00
-3984.30
-3045.20
-1943.60
-894.60
-46.90
672.30
1177.30
1562.40
2120.10
3107.80
4090.50
4808.20
5457.30
5968.00
6271.10
6765.70
7659.00
8607.70
9476.00
10127.40
10662.90
11013.10
11253.10
11616.50
12401.00
13136.80
13620.60
14078.00
14356.10
14394.80
14524.30
15050.30
15721.10
16359.40
16777.80
17008.70
17072.10
17092.50
17325.20
17946.20
18548.00
18929.10
19223.30
19334.20
19189.20
19164.10
19512.80
20005.50
20418.50
20643.80
20735.10
20577.30
20314.70
20290.00
20666.40
21000.20
21101.00
21137.20
21051.50
20704.00
20513.10
20733.60
21054.90
21302.60
21361.40
21340.60
21222.10
21162.50
21261.20
21661.70
22015.10
22200.60
22341.10
22318.00
22109.90
21979.00
22021.30
22071.00
22271.00
22705.20
23150.20
23452.40
24027.20
24833.80
25821.60
26836.10
27845.80
28757.80
29372.30
29637.00
29910.50
30536.10
31337.00
32226.60
33338.70
34578.80
35778.00
37215.10
39256.00
41769.90
44591.60
47569.40
50525.30
53598.60
56745.80
60228.60
64424.40
69003.90
73628.20
78425.10
83390.20
88364.60
93525.50
99169.10
105229.50
111457.30
117509.50
123448.30
129226.30
134798.09
140410.80
146409.09
152455.70
158143.09
163526.00
168616.70
173311.80
177721.50
182224.80
186739.80
190840.09
194308.59
197175.80
199470.59
201211.70
202582.00
203916.50
204999.80
205473.30
205324.59
204745.91
203527.20
201883.09
200283.91
198560.59
196431.91
193775.30
190622.30
186948.09
182854.91
178615.80
174612.20
170578.09
166136.30
161408.80
156430.70
151048.30
145591.20
140400.00
135391.30
130291.20
124927.90
119388.90
113621.10
107767.80
102087.90
96871.90
91831.10
86702.90
81535.00
76345.40
70969.70
65689.00
60866.50
56343.40
51839.80
47235.70
42521.00
37679.60
32738.90
27918.50
23568.70
19302.80
14877.80
10301.20
5669.00
851.00
-3898.70
-8267.80
-12374.60
-16471.70
-20708.90
-24988.00
-29470.30
-33964.20
-38296.30
-42162.50
-45884.90
-49720.80
-53561.70
-57382.10
-61326.50
-65071.50
-68213.90
-71046.90
-73724.40
-76423.40
-79070.90
-81768.50
-84431.80
-86779.70
-88476.00
-89962.50
-91537.60
-92963.90
-94322.20
-95734.90
-96937.80
-97517.50
-97699.70
-97758.20
-97942.30
-98080.40
-98190.80
-98300.90
-98182.80
-97569.20
-96751.90
-96071.10
-95370.40
-94692.40
-94147.90
-93455.40
-92307.30
-90913.30
-89531.70
-88265.80
-87042.00
-85947.30
-84959.20
-83815.20
-82257.10
-80694.20
-79351.10
-78080.50
-76932.20
-76057.20
-75196.80
-73988.20
-72617.90
-71423.60
-70485.60
-69674.00
-69118.90
-68801.30
-68337.90
-67435.90
-66568.20
-65998.70
-65563.90
-65219.70
-65111.30
-65010.30
-64586.30
-63979.50
-63505.20
-63384.10
-63413.30
-63666.90
-64086.40
-64344.90
-64183.10
-64017.80
-64075.30
-64255.90
-64543.00
-65018.70
-65410.90
-65354.40
-65111.10
-64980.10
-65073.80
-65167.20
-65450.50
-65784.50
-65867.60
-65476.30
-65031.30
-64815.90
-64639.60
-64483.80
-64485.80
-64454.90
-63972.80
-63304.00
-62704.90
-62252.20
-61860.80
-61667.40
-61551.90
-61238.70
-60513.30
-59735.80
-59112.20
-58490.20
-58002.80
-57755.80
-57385.80
-56512.50
-55433.30
-54420.10
-53597.80
-52857.60
-52315.80
-51838.70
-51096.80
-49911.00
-48717.90
-47784.30
-46922.50
-46121.90
-45525.90
-44762.20
-43650.30
-42455.20
-41343.50
-40474.00
-39690.80
-39088.00
-38536.70
-37888.90
-36738.20
-35652.30
-34733.50
-33797.10
-32997.20
-32351.50
-31630.30
-30534.20
-29282.90
-28032.60
-27033.40
-26106.50
-25372.30
-24776.80
-23959.70
-22760.00
-21558.10
-20525.80
-19630.40
-18913.00
-18428.90
-17860.90
-16831.30
-15687.80
-14700.00
-13947.30
-13241.70
-12785.60
-12399.50
-11770.30
-10695.60
-9672.80
-8859.50
-8073.80
-7371.60
-6862.90
-6309.70
-5316.90
-4187.50
-3188.50
-2467.00
-1846.00
-1387.80
-769.50
14.50
1007.40
1879.50
2466.60
2988.30
3363.50
3578.90
3871.30
4195.70
4337.20
4452.00
4797.70
5254.90
5577.20
6108.00
6889.20
7772.80
8640.10
9573.60
10453.80
11176.40
11521.90
11775.40
12266.00
12733.20
13139.50
13572.60
13929.10
14011.70
14098.20
14471.20
15043.10
15638.10
16167.80
16492.80
16608.70
16527.00
16537.80
16998.00
17582.60
17971.80
18293.20
18454.50
18329.30
18136.50
18301.90
18786.70
19262.30
19544.00
19704.70
19700.00
19477.60
19414.40
19832.20
20393.80
20694.20
20883.10
20950.00
20714.10
20385.50
20398.90
20753.40
21060.00
21098.00
21000.10
20789.20
20379.10
20111.60
20335.50
20727.00
20959.20
20978.90
20920.60
20707.50
20547.40
20805.60
21337.00
21802.70
22092.10
22318.10
22380.70
22298.50
22385.00
22895.20
23605.20
24139.80
24632.90
25193.50
25662.40
26290.20
27496.50
29244.60
31189.30
33167.60
35166.20
37257.10
39460.90
42013.60
45236.70
48833.20
52405.00
56048.30
59877.20
63718.50
67800.40
72416.20
77496.70
82667.70
87731.40
92777.50
97755.40
102690.10
107735.10
113223.20
118844.50
124254.70
129438.80
134505.09
139258.41
143905.80
148783.80
153747.30
158479.91
162722.20
166552.91
169905.09
172840.70
175559.20
178397.91
180990.91
182958.70
184419.59
185364.00
185742.50
185719.30
185663.59
185511.41
184923.30
183688.20
181911.41
179666.30
176939.41
174049.50
171320.91
168478.70
165123.00
161334.50
157238.59
152784.70
148181.50
143757.41
139420.00
134886.00
130001.00
124829.20
119487.10
114031.80
108668.30
103677.50
98823.00
93752.00
91034.89
88306.25
85521.14
82814.34
80376.60
78328.75
76527.00
74341.50
71665.00
