-791907
-912287
-1009521
-1097359
-1098219
-1018006
-927265
-818565
-690947
-522148
-298909
-39041
225219
432531
557686
589749
508700
183723
46975
-51232
-109643
-140172
-151071
-160086
-175124
-199557
-200891
-164624
-82808
7151
99879
176114
246171
295061
321973
331784
329221
308297
238841
246682
266425
260266
215088
131736
39914
-33177
-90490
-162933
-264537
-391881
-497807
-562389
-550667
-459129
-313384
-155970
-24189
68463
120954
147417
183831
217794
254209
289991
306969
301095
273103
227498
168724
110551
59887
42653
53630
79856
119827
173912
223246
268348
307946
331675
338476
330761
294431
233154
153574
57564
-42104
-123960
-184074
-223191
-242896
-243679
-231617
-210052
-185425
-156636
-133349
-107022
-86589
-75151
-73391
-82015
-106778
-141815
-178661
-213445
-239717
-257894
-260947
-253124
-236712
-226301
-216892
-202902
-184552
-168252
-162077
-166194
-176919
-184514
-196706
-203206
-205537
-192441
-171959
-146814
-121748
-93446
-73071
-52341
-42196
-34656
-30590
-26174
-17034
-11024
-846
11662
21309
26168
32900
33786
21394
7636
-2961
-8190
-9783
-14611
-16557
-14070
-19439
-25302
-33114
-37681
-40697
-43310
-36479
-29766
-26622
-13279
-4825
-1597
-6373
-13706
-30367
-47199
-58794
-66844
-65907
-41269
-3084
27835
63056
85053
90640
78703
46989
4111
-44335
-88572
-123969
-144311
-159401
-171129
-172484
-160271
-134314
-96109
-49570
-5012
36732
79673
127468
174496
223613
286361
361016
418900
463008
472296
429761
334953
202418
20273
-192338
-447147
-730324
-1033682
-1285771
-1406395
-1365044
-1125698
-688026
-107775
557574
1225581
1765818
2084592
2155231
1983114
1621928
1141961
610568
54193
-511006
-1063302
-1528979
-1789051
-1793027
-1560944
-1202483
-807435
-457052
-187900
6074
121898
170774
140901
41231
-76082
-154079
-169094
-137647
-80092
-20978
26878
63656
72439
56313
12151
-57986
-146582
-232839
-304867
-347367
-362022
-349401
-336977
-334761
-327923
-307051
-276357
-241887
-201964
-183866
-178661
-175609
-170983
-166111
-153966
-113351
-54400
-5636
22554
43654
58058
71722
74774
70729
68348
57950
46829
25171
-5946
-47876
-96629
-130668
-134527
-122188
-92731
-30074
40684
108684
169531
207327
221579
232211
244133
256644
235130
186921
131867
69571
-4385
-63691
-84084
-75053
-60215
-59722
-69965
-88691
-89528
-70879
-48809
-22947
10023
46989
71893
85101
80532
66901
44268
16161
-6210
-15772
-18226
-11295
10642
41181
75251
87834
95359
94201
75355
36804
-25402
-114861
-243932
-439312
-720479
-1139774
-1537172
-1411704
-824702
-43686
705118
1170801
1349868
1320471
1113629
855889
583153
286506
-20452
-301934
-520217
-702809
-824930
-861384
-864503
-821736
-645775
-394013
-148153
13631
86481
109181
96361
79249
88759
133223
198748
268367
325900
361506
378439
383634
390537
393177
390095
378731
372493
363309
354424
344508
325178
313856
310051
309898
320348
328161
337639
339386
329608
307364
270048
217863
162373
99248
38838
-14902
-54839
-83652
-98157
-106818
-114974
-116331
-110847
-102192
-91422
-76978
-66156
-60958
-47906
-33726
-20891
-2156
17940
32742
52038
68693
79721
78208
70068
61454
50318
41545
35796
31332
34261
40673
37412
35113
27481
17845
1166
-10963
-24347
-37752
-42368
-41758
-37404
-27509
-17652
-8824
-280
9441
19418
30187
36034
33429
26488
15964
-2631
-22343
-45748
-66076
-81270
-96312
-104602
-110604
-118243
-119484
-121622
-118179
-120159
-118586
-109814
-95877
-77288
-57886
-33465
-7428
22536
53614
79026
99684
113301
124208
135038
148878
162767
167369
158544
140222
121116
100470
77642
67352
53948
38844
29408
21233
14086
4786
-7826
-20127
-41968
-58987
-73334
-88594
-100821
-108459
-116149
-115067
-111036
-101441
-88404
-75192
-63206
-45808
-23483
-2987
4801
13218
7536
2173
-909
-9764
-23985
-38037
-59326
-80389
-102992
-121999
-142366
-159574
-172264
-181133
-188059
-194080
-185916
-173485
-156867
-140466
-121114
-97877
-73949
-46589
-21709
-3430
8161
11331
10495
10933
6478
-316
-8497
-17494
-31510
-44886
-61281
-70225
-72262
-71591
-67321
-58319
-37069
-6507
39104
102263
180544
267366
359698
452193
530799
583171
591229
536048
428700
288236
106162
-100752
-346409
-622337
-910786
-1179762
-1341950
-1367299
-1233704
-934697
-497843
28614
600239
1143367
1551332
1734601
1645879
1334928
962274
649561
419112
193172
-69042
-403828
-800464
-1162212
-1357782
-1325453
-1099244
-782981
-462817
-197844
-12458
105294
157962
164185
123974
43069
-33885
-74750
-54238
5356
77044
139120
160418
151733
119944
61108
-21564
-127375
-242921
-345338
-404898
-418668
-384409
-320120
-254055
-199803
-159639
-128514
-92305
-67357
-46519
-28081
-34757
-65786
-94912
-100831
-111458
-145874
-177126
-188652
-171497
-126277
-71406
-26934
-10748
-6736
-4162
-10659
-4324
15569
46798
90880
140836
176090
178973
145124
85124
34648
11447
-5350
-24034
-31085
-29002
-26591
-22968
-20497
-16756
-52
20691
28652
30448
35292
30026
33671
36569
30188
28968
33438
52593
75744
102369
121593
137989
150366
158517
155503
144143
139154
132196
116173
92686
73909
54274
43524
40290
36619
37569
47032
55313
43351
4769
-60159
-169907
-349314
-637946
-1078640
-1525532
-1501788
-993411
-259125
478364
975520
1185153
1207841
1053403
787019
497593
217093
-53683
-302134
-494533
-640758
-749144
-769947
-725991
-684353
-578955
-369287
-119126
71523
142255
133871
94375
61199
65358
115306
188467
261224
315746
335813
321137
286941
244133
184912
130211
95026
75677
66606
70634
83139
102791
129638
165126
203883
245836
293466
339504
375740
394704
392498
370864
329461
273717
209863
139334
74348
19327
-20837
-37281
-42274
-36563
-13907
10689
42786
70978
86324
105509
112999
115251
116036
106469
93814
86802
65208
50066
42124
25433
16021
17429
5511
3563
-2356
-15366
-25391
-38317
-51777
-59778
-69296
-70403
-73033
-73742
-71119
-59923
-47095
-34361
-26002
-23286
-21800
-16100
-18779
-20200
-17292
-11287
-3536
7886
9646
10905
13518
18346
23064
33669
41905
46103
44804
46066
47512
48126
41801
34451
25362
15849
8033
-1761
-8116
-6817
1076
12399
33891
59436
78778
102085
124746
150202
174094
199316
225175
245089
257083
251752
234189
203793
163974
113001
58451
6574
-41683
-82532
-104981
-119146
-124961
-113037
-93336
-71982
-37934
-917
34775
67151
93778
114401
128245
121874
107023
90374
81461
70233
65079
55377
49072
36108
20727
-2946
-25634
-53133
-77274
-100546
-111050
-126139
-130096
-139154
-140434
-138596
-129617
-125701
-121871
-122354
-118498
-123244
-129357
-141371
-146961
-143917
-132344
-116044
-100465
-83713
-74167
-64132
-50977
-41789
-32582
-26458
-24296
-21761
-26748
-33828
-40027
-44364
-39925
-29463
-12494
7691
32307
62698
95703
131993
171708
217235
262388
312846
374409
440711
503959
554569
587823
583509
528173
426362
289740
121153
-68596
-288343
-536637
-798195
-1046818
-1228897
-1284555
-1191235
-943958
-565938
-98039
417557
932068
1352521
1606528
1656826
1525704
1276651
1021655
802701
533058
182243
-224702
-672426
-1087975
-1366467
-1432730
-1311861
-1057744
-749316
-469557
-246369
-84514
36384
100330
99301
34401
-55758
-123103
-125262
-74818
-3035
74318
139949
190646
217352
202684
126566
7850
-132823
-270191
-371598
-427489
-422718
-384155
-324624
-255756
-189143
-140417
-109081
-90015
-73337
-53232
-39111
-38993
-55743
-84226
-121427
-142165
-115603
-66704
-18897
4463
30604
59971
85850
112633
128298
129903
113650
99256
96857
100992
108601
120178
130013
137105
129415
99199
66848
39433
-786
-52822
-103154
-130781
-134386
-133759
-130454
-106843
-55730
-12653
17551
41544
82923
131326
153497
145889
126931
101659
74411
52046
39608
16901
-13707
-42929
-50114
-33621
-9793
-336
8373
27436
60777
88828
123616
163770
193126
203163
207643
197742
156283
76456
-56714
-264753
-535762
-893501
-1445101
-2034532
-2106007
-1532438
-601662
409943
1171604
1568508
1698238
1583034
1290918
921082
545797
194633
-130219
-397444
-604966
-738812
-775256
-748206
-720449
-689584
-669520
-583980
-425828
-253501
-101309
2498
71905
131511
173749
231419
316447
415104
498631
550788
568443
560736
531046
489354
442249
405321
371339
350894
342633
347746
361919
383789
407645
427548
440811
444163
436803
418520
391309
362086
323129
274194
219478
156572
86112
19051
-40031
-84195
-117671
-132537
-136481
-118539
-85389
-44537
-7754
21088
41270
49971
48892
43208
43675
42675
40354
31394
14094
