103081
97072
90983
85933
82624
77186
72064
66303
60818
55563
49944
44402
38795
33036
27085
20987
15835
3841
-4402
-12794
-19012
-25262
-31689
-37455
-43360
-48057
-52968
-59072
-65367
-71404
-76865
-82544
-88002
-93122
-98377
-102663
-107226
-111541
-124294
-129566
-133385
-135798
-138441
-140765
-142799
-143236
-142584
-143217
-144192
-144434
-144121
-144374
-144153
-144131
-143577
-142421
-141381
-140278
-139146
-136340
-121585
-121497
-120517
-118489
-116372
-114099
-111624
-107806
-105027
-103171
-101457
-99605
-98079
-96226
-94946
-94627
-95427
-94516
-92989
-92130
-90271
-86996
-86469
-87355
-87236
-84392
-82964
-82357
-82134
-82249
-82839
-84529
-85036
-84338
-81818
-80729
-80477
-80441
-82152
-83595
-82544
-80947
-80951
-80651
-80984
-81802
-83911
-83774
-81604
-80592
-80339
-79817
-80192
-80903
-82366
-81760
-78870
-77687
-76934
-76259
-76530
-78241
-77660
-74889
-73181
-71969
-70861
-70857
-71942
-72104
-70932
-67642
-65794
-65027
-64182
-64216
-65556
-63922
-60054
-58341
-57179
-55799
-54888
-55412
-55908
-54326
-50073
-47919
-46881
-45851
-45327
-46177
-44986
-41371
-39282
-38120
-36299
-35474
-35828
-36336
-34241
-30624
-28882
-27337
-25996
-25327
-26439
-25324
-21416
-19471
-18284
-17309
-16729
-17308
-17034
-15134
-11444
-10005
-9211
-7937
-7721
-8778
-7506
-3455
-1868
-807
109
771
-4
-679
757
3918
5314
6373
7228
6385
5083
6688
9649
10798
11490
12148
12026
11054
10968
12421
15453
16366
17195
17338
16742
15417
16577
19251
20762
21258
21113
20580
19597
18812
19658
22398
23051
23104
23528
22837
21102
21765
24451
25246
25578
25887
25983
24013
23491
25004
27268
28124
28176
28044
27233
24939
24896
27146
28174
28874
29054
28476
26794
25788
27161
29634
29589
29474
29649
28052
25868
26349
28635
29918
30149
30219
29396
27079
26329
27221
29638
29574
29283
29041
28316
26456
27317
29743
30962
31239
31093
30675
28837
28126
29406
32343
33294
34128
34535
34537
34341
37071
41431
44670
47648
50261
52806
54404
57423
62814
69931
75822
81205
86359
90511
94898
102384
110987
117798
124375
130738
137536
142526
148116
156067
164875
172019
178433
184579
189093
192654
198544
205823
211108
215142
218716
220992
221930
225834
228490
229661
230347
230484
230010
227820
225064
223256
221319
219314
218849
216254
211754
205579
202309
200248
195988
190947
185764
180386
173674
166708
161216
157859
153189
147514
141872
134920
126703
120136
116236
111986
105576
99775
94022
86606
79235
74003
70919
66214
60838
55443
49864
43211
38001
34879
31054
26312
21916
16824
11680
7117
2756
-2018
-6789
-11712
-16781
-22987
-29862
-34965
-39841
-44315
-48513
-52766
-54849
-59955
-64024
-67360
-71316
-74952
-78413
-82476
-86796
-91764
-95326
-97850
-98100
-99822
-102418
-104557
-108011
-110901
-110809
-109548
-110175
-111035
-111752
-113192
-115745
-116006
-113754
-112484
-111960
-111821
-111273
-111844
-112622
-111341
-107756
-105436
-104144
-102632
-101898
-102766
-101411
-97459
-94969
-93219
-91826
-90967
-91783
-91864
-89964
-86474
-84957
-83175
-82201
-82617
-83617
-82573
-79711
-78105
-77816
-76535
-76242
-77718
-78311
-77250
-74761
-74001
-73349
-73401
-74456
-76087
-76174
-73540
-72562
-72175
-72149
-72786
-74460
-75993
-75528
-72784
-72200
-71853
-71797
-72827
-74568
-73872
-71216
-69978
-69599
-69683
-70391
-72069
-73151
-72393
-69202
-68350
-68362
-68318
-68549
-70280
-69934
-66753
-65261
-63981
-63034
-63022
-64474
-64789
-63751
-60624
-58881
-58121
-57453
-57473
-58804
-58132
-54937
-53284
-52302
-51232
-50954
-52044
-52322
-50617
-46631
-45332
-44502
-43156
-43011
-44688
-43589
-39996
-38047
-36853
-35946
-35762
-36681
-36716
-34876
-31671
-30104
-28566
-27402
-27654
-29081
-27827
-24494
-23048
-22084
-21203
-20899
-21922
-21918
-20372
-17405
-16286
-15167
-14189
-14176
-15063
-13506
-10182
-8969
-8091
-7013
-7056
-8147
-8414
-6819
-4339
-3181
-2179
-1113
-1244
-2698
-1709
1244
2602
3671
4138
4011
2871
2738
4333
7179
8118
8421
9093
8778
7169
8957
11804
12225
13016
13693
13473
11923
11493
12412
15014
16315
16642
16799
15797
14080
14768
17183
18201
18795
19198
18624
17276
17003
18124
20290
20786
20994
21143
19904
17748
18373
20763
21930
22254
22543
21699
19416
18517
19657
21512
21711
21771
22292
21397
19068
19790
21621
21730
22134
22100
21503
20586
21696
22384
23073
23324
23476
23135
21903
20019
20194
21009
22193
24384
27415
27774
26498
28883
29969
29897
30339
31106
31313
30529
30062
30509
32754
36892
38865
41018
42740
43098
45684
50938
55201
58726
62532
66451
69598
72490
77568
85056
91479
97181
103170
108377
112276
118060
126034
133094
139846
145578
150867
154961
158888
164504
172259
178526
182908
186923
190753
192529
194964
199994
204038
205507
206944
207198
205856
204334
204456
205874
205797
204729
202551
199720
194757
190757
189864
187101
183169
179308
174267
167987
161619
157329
154721
150416
145446
139826
133388
125484
119696
116075
111532
106328
101088
95026
87768
81293
76589
73324
69288
64793
59853
54432
47331
42219
39543
36062
31553
27283
22141
16379
10446
6228
3833
-440
-4707
-9704
-14769
-20897
-25356
-27312
-30622
-34743
-38539
-43231
-49530
-54643
-58090
-59559
-62580
-65671
-69031
-72947
-77983
-80681
-80954
-82973
-84865
-86549
-89055
-92647
-95664
-96426
-94946
-95546
-96705
-97236
-98448
-100676
-101084
-98444
-97486
-97011
-96787
-96927
-97809
-98337
-97267
-94540
-92911
-91636
-90479
-90231
-91342
-90002
-86328
-84397
-83451
-81881
-80673
-80689
-80598
-78791
-75761
-74373
-72897
-71691
-71968
-73131
-72069
-68603
-66895
-66848
-66381
-66257
-67346
-68515
-67334
-64111
-63392
-62908
-62547
-63406
-65297
-65247
-63106
-62447
-62591
-62900
-63684
-65444
-66742
-65991
-63679
-63594
-63681
-64253
-65462
-67657
-67606
-64879
-64309
-64681
-64616
-64528
-66514
-67593
-66293
-63744
-63156
-62725
-62546
-63123
-64636
-64219
-61693
-60905
-60302
-59217
-59242
-60791
-61391
-59991
-57382
-56444
-55457
-54685
-55428
-56747
-55542
-52058
-50599
-49859
-49159
-49042
-50039
-49914
-48009
-44889
-43611
-42722
-41981
-41853
-43199
-41405
-38920
-37963
-36892
-36194
-35779
-36694
-36468
-35375
-31692
-30546
-29732
-28599
-28893
-29737
-28567
-25733
-23955
-22872
-21700
-21277
-22390
-22644
-20722
-17740
-16548
-15410
-15001
-15698
-16859
-15597
-12094
-11209
-10844
-10213
-9492
-10849
-11140
-9406
-6112
-5369
-3961
-3352
-3822
-5126
-3960
-921
154
584
1103
841
621
2831
4018
4803
4761
4950
5371
4336
3257
3765
3865
4246
5166
8260
9333
8173
10679
12148
12093
12438
13200
13048
12392
11715
11868
13079
15351
16211
16424
16003
14026
13913
16122
17434
17818
18376
18601
17370
15607
16111
18628
19759
20014
20648
19431
17124
16673
19024
20455
20867
21445
21366
19967
18424
18799
21302
22289
22028
22344
21536
19086
18080
20101
21969
21865
21682
21310
19919
18243
18861
21325
21995
22423
22166
21282
19551
19709
22501
23557
23518
24219
24255
23049
21344
22147
24653
26809
27847
28488
29124
28908
30533
35112
38825
41594
44436
46795
48756
50526
54651
61139
66498
70830
75258
79883
82849
87614
94914
101331
106361
111776
116959
120609
124605
130333
137730
143827
149016
153172
157024
159309
163433
169389
174240
177659
180153
182134
182538
182528
184209
187696
189363
189067
188849
187103
183938
181902
181981
181006
178328
175345
171595
166616
161580
158204
156652
153480
148424
143121
137369
130806
125563
122375
118206
112864
107802
101762
95003
88568
83734
80898
77018
71665
66795
61443
54963
50558
48213
44637
39997
35523
30563
23605
18108
14071
12381
9539
5088
687
-4486
-10426
-14559
-16396
-19158
-22776
-26265
-30620
-35971
-41286
-44087
-45393
-48287
-51230
-54529
-58504
-63323
-65761
-66184
-68185
-70428
-72401
-74972
-78797
-81387
-80854
-81002
-82089
-82926
-83690
-85256
-88131
-88895
-88617
-86401
-85905
-85194
-85162
-86807
-87194
-84321
-82442
