103081
97072
90983
85933
82624
77186
72064
66303
60818
55563
49944
44402
38795
33036
27085
20987
15835
3841
-4402
-12794
-19012
-25262
-31689
-37455
-43360
-48057
-52968
-59072
-65367
-71404
-76865
-82544
-88002
-93122
-98377
-102663
-107226
-111541
-124294
-129566
-133385
-135798
-138441
-140765
-142799
-143236
-142584
-143217
-144192
-144434
-144121
-144374
-144153
-144131
-143577
-142421
-141381
-140278
-139146
-136340
-121585
-121497
-120517
-118489
-116372
-114099
-111624
-107806
-105027
-103171
-101457
-99605
-98079
-96226
-94946
-94627
-95427
-94516
-92989
-92130
-90271
-86996
-86469
-87355
-87236
-84392
-82964
-82357
0
0
0
0
0
0
0
0
0
0
0
0
